0,1938888 0,1805694 0,1539203 0,1742383 0,1542005 0,1451662 0,1843145
0,1692615 0,1852094 0,1539901 0,1450158 0,1493798 0,1508832 0,1731548
0,1741286 0,1903836 0,1541942 0,154143 0,1346767 0,1494671 0,1894906
0,1832365 0,1847447 0,1643971 0,1397698 0,1443783 0,1557528 0,1636314
0,1844209 0,1889951 0,1700748 0,129623 0,1494702 0,1497001 0,1888549
0,1691048 0,1743112 0,1607227 0,1134586 0,1648308 0,1394341 0,1694693
0,179508 0,1746717 0,1446042 0,1545777 0,1495556 0,1543809 0,1746766
0,1695743 0,1776947 0,1548325 0,1894725 0,1398432 0,174516 0,1551417
0,1703233 0,1786405 0,1595373 0,1545882 0,1493676 0,1547472 0,1599378
0,1695172 0,1946958 0,1593214 0,1395607 0,1597829 0,1348658 0,1940205
0,1791374 0,1899313 0,1441305 0,1449508 0,1694257 0,1393791 0,154847
0,1749085 0,1644496 0,1645758 0,0897758 0,1746724 0,144498 0,1748368
0,1703753 0,168703 0,1593415 0,1399452 0,1594434 0,1652741 0,1790126
0,1647068 0,1659141 0,1632188 0,1497919 0,1644158 0,1546442 0,159721
0,2046835 0,1942866 0,164639 0,1293025 0,1946681 0,1643918 0,1647075
0,1832442 0,1897825 0,164468 0,1501934 0,1489487 0,1745299 0,1797649
0,1834232 0,1991078 0,1609986 0,1536265 0,1643287 0,1847931 0,1742903
0,17445 0,1945114 0,164525 0,1597989 0,1547106 0,1409557 0,1879134
0,1801474 0,174759 0,178585 0,1798386 0,154485 0,1605755 0,1734887
0,324059 0,333803 0,2993029 1,12677 0,165313 0,1585659 0,1548537
0,1685112 0,174274 0,1446283 0,1542961 0,1398662 0,1655227 0,1537159
0,1746507 0,170057 0,1389636 0,1202878 0,1589006 0,1545818 0,1548395
0,1796121 0,1448728 0,1689518 0,1097179 0,1751232 0,1441685 0,1496843
0,1794519 0,1559975 0,1587201 0,0992299 0,1895774 0,1593578 0,1697842
0,1745981 0,1595866 0,1397359 0,1356077 0,1431342 0,1551272 0,1443515
0,170608 0,1642571 0,148937 0,1594403 0,1301967 0,1647185 0,1295548
0,164077 0,1441195 0,1699353 0,0953869 0,1535651 0,1448643 0,1492871
0,1794897 0,1550303 0,1496856 0,1394466 0,1448875 0,1503285 0,163474
0,1682013 0,1694198 0,1545016 0,1395812 0,145059 0,1444066 0,1495143
0,1736263 0,1544271 0,1745391 0,1147093 0,1601138 0,1442917 0,1506595
0,2135964 0,1894895 0,1796195 0,7726124 0,1594881 0,1447828 0,1745709
0,2201988 0,2088696 0,1694353 0,1758485 0,1432592 0,1593508 0,184736
0,1933286 0,1943224 0,155137 0,179408 0,1343858 0,1608814 0,1781491
0,1882262 0,1602319 0,1640746 0,1545513 0,1448725 0,1345082 0,1742228
0,1842153 0,1698456 0,1592053 0,1299098 0,1543689 0,1357581 0,1787707
0,189111 0,1607031 0,1538796 0,1244449 0,1394488 0,1250175 0,1644415
0,1638918 0,1596355 0,1540399 0,1502558 0,1439954 0,1297778 0,159568
0,1688917 0,1653772 0,1544858 0,1545438 0,1302611 0,1234166 0,1594706
0,1744013 0,1495193 0,1609156 0,1482844 0,1803936 0,1191409 0,1596008
0,1940271 0,1749423 0,154011 0,1296254 0,1393632 0,125675 0,6225183
0,1942866 0,1698262 0,154909 0,139322 0,1151658 0,204724 0,1443508
0,1750868 0,174668 0,1440146 0,124319 0,1397007 0,1447078 0,1346699
0,1896912 0,1749306 0,1591507 0,1448488 0,164684 0,1256781 0,1533078
0,1842361 0,1704831 0,1495959 0,1293916 0,1339893 0,1400653 0,1395122
0,1740741 0,1593605 0,1495447 0,1495819 0,1251058 0,1345584 0,1548155
0,1702173 0,144072 0,1657878 0,1433492 0,1249306 0,129363 0,1598673
0,1835271 0,1545162 0,1545356 0,1448119 0,1297729 0,1294499 0,1557356
0,1745647 0,1740911 0,1544142 0,1198011 0,150523 0,1141283 0,1546201
0,1842721 0,1700252 0,154347 0,1395573 0,114506 0,1299019 0,1697293
0,1585959 0,159535 0,1449712 0,1297841 0,1643212 0,1140335 0,1598439
0,1591823 0,1343818 0,1349709 0,0844867 0,1845384 0,0996442 0,1405209
0,1897889 0,1695281 0,1493799 0,1105952 0,1439622 0,1048882 0,1342428
0,1590905 0,1754714 0,1339123 0,0846064 0,15952 0,1198483 0,1394022
0,1594697 0,1595828 0,1446575 0,1095392 0,1796836 0,1054924 0,1691415
0,1448383 0,1660289 0,1427762 0,0850061 0,170105 0,1142357 0,144701
0,1494818 0,1550626 0,1349959 0,1045051 0,1794505 0,0947635 0,1654669
0,1551428 0,1592304 0,1297184 0,095244 0,1885596 0,094942 0,1594154
0,1595449 0,1595984 0,1396188 0,0648307 0,1798126 0,1442956 0,144416
0,1637079 0,1497433 0,1294697 0,0795518 0,1747777 0,1147465 0,1355078
0,1693491 0,1593715 0,1346718 0,1088159 0,1547547 0,1151627 0,1442251
0,1694212 0,1704634 0,1332977 0,1447337 0,1099366 0,1494593 0,119675
0,6678089 0,1693208 0,1398918 0,1095668 0,1596252 0,1147106 0,1595863
0,1757612 0,1931817 0,1596501 0,1246203 0,1395966 0,1344541 0,1394733
0,16948 0,1751341 0,1497697 0,1193483 0,145202 0,1296975 0,1540814
0,169401 0,1799067 0,1492727 0,1296864 0,139364 0,1500252 0,1494823
0,1844781 0,1745764 0,1545826 0,0994668 0,179717 0,1297445 0,1504976
0,159831 0,1693851 0,1294529 0,1498605 0,1395603 0,1495994 0,1295405
0,1610134 0,1733939 0,1343093 0,13449 0,1347588 0,1492089 0,1346011
0,1593505 0,1794457 0,1448097 0,1211283 0,1382198 0,1447529 0,1348159
0,1606999 0,1684817 0,1445004 0,1346079 0,1296582 0,1494231 0,1596298
0,1434106 0,1693392 0,139469 0,1447793 0,1093219 0,1595863 0,1346642
0,1644576 0,1693274 0,1398187 0,1208493 0,1334858 0,1595949 0,1193777
0,1806057 0,1785866 0,1445985 0,1346189 0,1297596 0,1395021 0,1344522
0,1691096 0,1692543 0,1448954 0,1192907 0,12067 0,1584273 0,115204
0,1693532 0,1643243 0,1450368 0,1294891 0,1196761 0,1504415 0,1239587
0,4992546 0,1937686 0,1396225 0,1046262 0,1594767 0,1146632 0,1348573
0,154623 0,1743005 0,1396097 0,084901 0,1594466 0,1554418 0,1287424
0,1542504 0,1696564 0,1354795 0,1338052 0,1151085 0,164319 0,1394635
0,1737787 0,1840675 0,1449664 0,1045591 0,1545579 0,1298305 0,1346793
0,1741702 0,1649312 0,1543944 0,129619 0,1405662 0,138629 0,14464
0,1596013 0,1792546 0,1413763 0,1081119 0,1492079 0,1344572 0,140192
0,1693514 0,1544822 0,1448955 0,1144685 0,144598 0,1346261 0,150964
0,139225 0,1546182 0,1495957 0,1545436 0,1196437 0,1994626 0,1545476
0,1584869 0,1598468 0,1493545 0,1091693 0,1549722 0,1257609 0,1344607
0,1446764 0,1704317 0,1487396 0,0891006 0,1852162 0,1299853 0,1294139
0,1651479 0,1599892 0,158605 0,1594487 0,1500279 0,1347235 0,1344087
0,1990786 0,1791745 0,1546432 0,1894227 0,1394581 0,1754661 0,14514
0,1694187 0,1754998 0,1384917 0,1432031 0,145883 0,1397637 0,1345525
0,1736327 0,1694918 0,154419 0,1195703 0,1451296 0,1204376 0,1446869
0,1693441 0,1898597 0,1450946 0,1536516 0,1144652 0,149575 0,1245843
0,1660554 0,1730492 0,1499821 0,1245454 0,1191148 0,1246249 0,1396896
0,169384 0,1761654 0,1377469 0,1245931 0,1345013 0,1157373 0,1339712
0,1696442 0,1752445 0,1483785 0,109813 0,1447526 0,1050041 0,1492521
0,1943486 0,1806878 0,1387079 0,1294105 0,1348486 0,1256429 0,1385069
0,1582561 0,1794908 0,1495794 0,1243035 0,1351873 0,1360957 0,1639615
0,1520281 0,1876165 0,1452907 0,1040893 0,1400294 0,1187073 0,1495693
0,1601244 0,1690534 0,1493264 0,1049787 0,1552749 0,1287755 0,1442907
0,1694324 0,1904715 0,1437228 0,1218142 0,187546 0,1100467 0,1697119
